000:  2.360000  1.490000  1.830000
001:  2.360000  1.490000  1.830000
002:  2.360000  1.490000  1.830000
003:  2.360000  1.490000  1.830000
004:  2.360000  1.490000  1.830000
005:  2.360000  1.490000  1.830000
006:  4.790000  3.530000  3.240000
007:  2.360000  1.480000  1.830000
008:  2.360000  1.480000  1.830000
009:  2.360000  1.480000  1.830000
010:  2.360000  1.480000  1.830000
011:  2.360000  1.480000  1.830000
012:  2.360000  1.480000  1.830000
013:  2.360000  1.480000  1.830000
014:  2.360000  1.480000  1.830000
015:  2.360000  1.480000  1.830000
016:  2.360000  1.480000  1.830000
017:  2.360000  1.480000  1.830000
018:  2.360000  1.480000  1.830000
019:  2.360000  1.480000  1.830000
020:  2.360000  1.480000  1.830000
021:  2.360000  1.480000  1.830000
022:  2.360000  1.480000  1.830000
023:  2.360000  1.480000  1.830000
024:  2.360000  1.480000  1.830000
025:  2.360000  1.480000  1.830000
026:  2.360000  1.480000  1.830000
027:  2.360000  1.480000  1.830000
028:  2.360000  1.480000  1.830000
029:  2.360000  1.480000  1.830000
030:  2.360000  1.480000  1.830000
031:  2.360000  1.480000  1.830000
032:  2.360000  1.480000  1.830000
033:  2.360000  1.480000  1.830000
034:  2.360000  1.480000  1.830000
035:  4.780000  3.520000  3.240000
036:  2.360000  1.480000  1.830000
037:  2.360000  1.480000  1.830000
038:  2.360000  1.480000  1.830000
039:  2.360000  1.480000  1.830000
040:  2.360000  1.480000  1.830000
041:  2.360000  1.480000  1.830000
042:  2.360000  1.480000  1.830000
043:  2.360000  1.480000  1.830000
044:  2.360000  1.480000  1.830000
045:  2.360000  1.480000  1.830000
046:  2.360000  1.480000  1.830000
047:  2.360000  1.480000  1.830000
048:  2.360000  1.480000  1.830000
049:  2.360000  1.480000  1.830000
050:  2.360000  1.480000  1.830000
051:  2.360000  1.480000  1.830000
052:  2.360000  1.480000  1.830000
053:  2.360000  1.480000  1.830000
054:  2.360000  1.480000  1.830000
055:  2.360000  1.480000  1.830000
056:  2.360000  1.480000  1.830000
057:  2.360000  1.480000  1.830000
058:  2.360000  1.480000  1.830000
059:  2.360000  1.480000  1.830000
060:  2.360000  1.480000  1.830000
061:  2.360000  1.480000  1.830000
062:  2.360000  1.480000  1.830000
063:  2.360000  1.480000  1.830000
064:  4.780000  3.520000  3.240000
065:  2.360000  1.480000  1.830000
066:  2.360000  1.480000  1.830000
067:  2.360000  1.480000  1.830000
068:  2.360000  1.480000  1.830000
069:  2.360000  1.480000  1.830000
070:  2.360000  1.480000  1.830000
071:  2.360000  1.480000  1.830000
072:  2.360000  1.480000  1.830000
073:  2.360000  1.480000  1.830000
074:  2.360000  1.480000  1.830000
075:  2.360000  1.480000  1.830000
076:  2.360000  1.480000  1.830000
077:  2.360000  1.480000  1.830000
078:  2.360000  1.480000  1.830000
079:  2.360000  1.480000  1.830000
080:  2.360000  1.480000  1.830000
081:  2.360000  1.480000  1.830000
082:  2.360000  1.480000  1.830000
083:  2.360000  1.480000  1.830000
084:  2.360000  1.480000  1.830000
085:  2.360000  1.480000  1.830000
086:  2.360000  1.480000  1.830000
087:  2.360000  1.480000  1.830000
088:  2.360000  1.480000  1.830000
089:  2.360000  1.480000  1.830000
090:  2.360000  1.480000  1.830000
091:  2.360000  1.480000  1.830000
092:  2.360000  1.480000  1.830000
093:  4.780000  3.520000  3.240000
094:  2.210000  1.230000  1.830000
095:  2.210000  1.230000  1.830000
096:  2.210000  1.230000  1.830000
097:  2.210000  1.230000  1.830000
098:  2.210000  1.230000  1.830000
099:  2.210000  1.230000  1.830000
100:  2.210000  1.230000  1.830000
101:  2.210000  1.230000  1.830000
102:  2.210000  1.230000  1.830000
103:  2.210000  1.230000  1.830000
104:  2.210000  1.230000  1.830000
105:  2.210000  1.230000  1.830000
106:  2.210000  1.230000  1.830000
107:  2.210000  1.230000  1.830000
108:  2.210000  1.230000  1.830000
109:  2.210000  1.230000  1.830000
110:  2.210000  1.230000  1.830000
111:  2.210000  1.230000  1.830000
112:  2.210000  1.230000  1.830000
113:  2.210000  1.230000  1.830000
114:  2.210000  1.230000  1.830000
115:  2.210000  1.230000  1.830000
116:  2.210000  1.230000  1.830000
117:  2.210000  1.230000  1.830000
118:  2.210000  1.230000  1.830000
119:  2.210000  1.230000  1.830000
120:  2.210000  1.230000  1.830000
121:  2.210000  1.230000  1.830000
122:  2.360000  1.480000  1.830000
123:  2.210000  1.230000  1.830000
124:  2.210000  1.230000  1.830000
125:  2.210000  1.230000  1.830000
126:  2.210000  1.230000  1.830000
127:  2.210000  1.230000  1.830000
128:  2.210000  1.230000  1.830000
129:  2.210000  1.230000  1.830000
130:  2.210000  1.230000  1.840000
131:  2.210000  1.230000  1.840000
132:  2.210000  1.230000  1.840000
133:  2.210000  1.230000  1.840000
134:  2.210000  1.230000  1.840000
135:  2.210000  1.230000  1.840000
136:  2.210000  1.230000  1.840000
137:  2.210000  1.230000  1.840000
138:  2.210000  1.230000  1.840000
139:  2.210000  1.230000  1.840000
140:  2.210000  1.230000  1.840000
141:  2.210000  1.230000  1.840000
142:  2.210000  1.230000  1.840000
143:  2.210000  1.230000  1.840000
144:  2.210000  1.230000  1.840000
145:  2.210000  1.230000  1.840000
146:  2.210000  1.230000  1.840000
147:  2.210000  1.230000  1.840000
148:  2.210000  1.230000  1.840000
149:  2.210000  1.230000  1.840000
150:  2.210000  1.230000  1.840000
151:  2.360000  1.480000  1.840000
152:  2.210000  1.230000  1.840000
153:  2.210000  1.230000  1.840000
154:  2.210000  1.230000  1.840000
155:  2.210000  1.230000  1.840000
156:  2.210000  1.230000  1.840000
157:  2.210000  1.230000  1.840000
158:  2.210000  1.230000  1.840000
159:  2.210000  1.230000  1.840000
160:  2.210000  1.230000  1.840000
161:  2.210000  1.230000  1.840000
162:  2.210000  1.230000  1.840000
163:  2.210000  1.230000  1.840000
164:  2.210000  1.230000  1.840000
165:  2.210000  1.230000  1.840000
166:  2.210000  1.230000  1.840000
167:  2.210000  1.230000  1.840000
168:  2.210000  1.230000  1.840000
169:  2.210000  1.230000  1.840000
170:  2.210000  1.230000  1.840000
171:  2.210000  1.230000  1.840000
172:  2.210000  1.230000  1.840000
173:  2.210000  1.230000  1.840000
174:  2.210000  1.230000  1.840000
175:  2.210000  1.230000  1.840000
176:  2.210000  1.230000  1.840000
177:  2.210000  1.230000  1.840000
178:  2.210000  1.230000  1.840000
179:  2.210000  1.230000  1.840000
180:  4.780000  3.510000  3.240000
181:  2.140000  1.180000  1.790000
182:  2.140000  1.180000  1.790000
183:  2.140000  1.180000  1.790000
184:  2.140000  1.180000  1.790000
185:  2.140000  1.180000  1.790000
186:  2.140000  1.180000  1.790000
187:  2.140000  1.180000  1.790000
188:  2.140000  1.180000  1.790000
189:  2.140000  1.180000  1.790000
190:  2.140000  1.180000  1.790000
191:  2.140000  1.180000  1.790000
192:  2.140000  1.180000  1.790000
193:  2.140000  1.180000  1.790000
194:  2.140000  1.180000  1.790000
195:  2.140000  1.180000  1.790000
196:  2.140000  1.180000  1.790000
197:  2.140000  1.180000  1.790000
198:  2.140000  1.180000  1.790000
199:  2.140000  1.180000  1.790000
200:  2.140000  1.180000  1.790000
201:  2.140000  1.180000  1.790000
202:  2.140000  1.180000  1.790000
203:  2.140000  1.180000  1.790000
204:  2.140000  1.180000  1.790000
205:  2.140000  1.180000  1.790000
206:  2.140000  1.180000  1.790000
207:  2.140000  1.180000  1.790000
208:  2.140000  1.180000  1.790000
209:  4.770000  3.510000  3.240000
210:  2.150000  1.180000  1.790000
211:  2.150000  1.180000  1.790000
212:  2.150000  1.180000  1.790000
213:  2.150000  1.180000  1.790000
214:  2.150000  1.180000  1.790000
215:  2.150000  1.180000  1.790000
216:  2.150000  1.180000  1.790000
217:  2.150000  1.180000  1.790000
218:  2.150000  1.180000  1.790000
219:  2.150000  1.180000  1.790000
220:  2.150000  1.180000  1.790000
221:  2.150000  1.180000  1.790000
222:  2.150000  1.180000  1.790000
223:  2.150000  1.180000  1.790000
224:  2.150000  1.180000  1.790000
225:  2.150000  1.180000  1.790000
226:  2.150000  1.180000  1.790000
227:  2.150000  1.180000  1.790000
228:  2.150000  1.180000  1.790000
229:  2.150000  1.180000  1.790000
230:  2.150000  1.180000  1.790000
231:  2.150000  1.180000  1.790000
232:  2.150000  1.180000  1.790000
233:  2.150000  1.180000  1.790000
234:  2.150000  1.180000  1.790000
235:  2.150000  1.180000  1.790000
236:  2.150000  1.180000  1.790000
237:  2.150000  1.180000  1.790000
238:  2.690000  1.490000  2.240000
239:  2.150000  1.180000  1.790000
240:  2.150000  1.180000  1.790000
241:  2.150000  1.180000  1.790000
242:  2.150000  1.180000  1.790000
243:  2.150000  1.180000  1.790000
244:  2.150000  1.180000  1.790000
245:  2.150000  1.180000  1.790000
246:  2.150000  1.180000  1.790000
247:  2.150000  1.180000  1.790000
248:  2.150000  1.180000  1.790000
249:  2.150000  1.180000  1.790000
250:  2.150000  1.180000  1.790000
251:  2.240000  1.330000  1.800000
252:  2.240000  1.330000  1.800000
253:  2.240000  1.330000  1.800000
254:  2.240000  1.330000  1.800000
255:  2.240000  1.330000  1.800000
256:  2.240000  1.330000  1.800000
257:  2.240000  1.330000  1.800000
258:  2.240000  1.330000  1.800000
259:  2.240000  1.330000  1.800000
260:  2.240000  1.330000  1.800000
261:  2.240000  1.330000  1.800000
262:  2.240000  1.330000  1.800000
263:  2.240000  1.330000  1.800000
264:  2.240000  1.330000  1.800000
265:  2.240000  1.330000  1.800000
266:  2.240000  1.330000  1.800000
267:  2.360000  1.480000  1.840000
268:  2.240000  1.330000  1.800000
269:  2.240000  1.330000  1.800000
270:  2.240000  1.330000  1.800000
271:  2.240000  1.330000  1.800000
272:  2.240000  1.330000  1.800000
273:  2.240000  1.330000  1.800000
274:  2.240000  1.330000  1.800000
275:  2.240000  1.330000  1.800000
276:  2.240000  1.330000  1.800000
277:  2.240000  1.330000  1.800000
278:  2.240000  1.330000  1.800000
279:  2.240000  1.330000  1.800000
280:  2.240000  1.330000  1.800000
281:  2.240000  1.330000  1.800000
282:  2.240000  1.330000  1.800000
283:  2.240000  1.330000  1.800000
284:  2.240000  1.330000  1.800000
285:  2.240000  1.330000  1.800000
286:  2.240000  1.330000  1.800000
287:  2.240000  1.330000  1.800000
288:  2.240000  1.330000  1.800000
289:  2.240000  1.330000  1.800000
290:  2.240000  1.330000  1.800000
291:  2.240000  1.330000  1.800000
292:  2.240000  1.330000  1.800000
293:  2.240000  1.330000  1.800000
294:  2.240000  1.330000  1.800000
295:  2.240000  1.330000  1.800000
296:  4.770000  3.500000  3.240000
297:  2.240000  1.330000  1.800000
298:  2.240000  1.330000  1.800000
299:  2.240000  1.330000  1.800000
300:  2.240000  1.330000  1.800000
301:  2.240000  1.330000  1.800000
302:  2.240000  1.330000  1.800000
303:  2.240000  1.330000  1.800000
304:  2.240000  1.330000  1.800000
305:  2.240000  1.330000  1.800000
306:  2.240000  1.330000  1.800000
307:  2.240000  1.330000  1.800000
308:  2.240000  1.330000  1.800000
309:  2.240000  1.330000  1.800000
310:  2.240000  1.330000  1.800000
311:  2.240000  1.330000  1.800000
312:  2.240000  1.330000  1.800000
313:  2.240000  1.330000  1.800000
314:  2.240000  1.330000  1.800000
315:  2.150000  1.180000  1.790000
316:  2.240000  1.330000  1.800000
317:  2.240000  1.330000  1.800000
318:  2.150000  1.180000  1.790000
319:  2.240000  1.330000  1.800000
320:  2.240000  1.330000  1.800000
321:  2.240000  1.330000  1.800000
322:  2.240000  1.330000  1.800000
323:  2.240000  1.330000  1.800000
324:  2.240000  1.330000  1.800000
325:  4.770000  3.500000  3.240000
326:  2.240000  1.330000  1.800000
327:  2.240000  1.330000  1.800000
328:  2.240000  1.330000  1.800000
329:  2.240000  1.330000  1.800000
330:  2.240000  1.330000  1.800000
331:  2.240000  1.330000  1.800000
332:  2.240000  1.330000  1.800000
333:  2.240000  1.330000  1.800000
334:  2.240000  1.330000  1.800000
335:  2.240000  1.330000  1.800000
336:  2.240000  1.330000  1.800000
337:  2.240000  1.330000  1.800000
338:  2.240000  1.330000  1.800000
339:  2.240000  1.330000  1.800000
340:  2.240000  1.330000  1.800000
341:  2.240000  1.330000  1.800000
342:  2.240000  1.330000  1.800000
343:  2.240000  1.330000  1.800000
344:  2.240000  1.330000  1.800000
345:  2.240000  1.330000  1.800000
346:  2.240000  1.330000  1.800000
347:  2.240000  1.330000  1.800000
348:  2.240000  1.330000  1.800000
349:  2.240000  1.330000  1.800000
350:  2.240000  1.330000  1.800000
351:  2.240000  1.330000  1.800000
352:  2.240000  1.330000  1.800000
353:  2.240000  1.330000  1.800000
354:  2.360000  1.480000  1.840000
355:  2.240000  1.330000  1.800000
356:  2.240000  1.330000  1.800000
357:  2.240000  1.330000  1.800000
358:  2.240000  1.330000  1.800000
359:  2.240000  1.330000  1.800000
360:  2.240000  1.330000  1.800000
361:  2.240000  1.330000  1.800000
362:  2.240000  1.330000  1.800000
363:  2.240000  1.330000  1.800000
364:  2.240000  1.330000  1.800000
365:  2.240000  1.330000  1.800000
366:  2.240000  1.330000  1.800000
367:  2.240000  1.330000  1.800000
368:  2.240000  1.330000  1.800000
369:  2.240000  1.330000  1.800000
370:  2.240000  1.330000  1.800000
371:  2.240000  1.330000  1.800000
372:  2.240000  1.330000  1.800000
373:  2.240000  1.330000  1.800000
374:  2.240000  1.330000  1.800000
375:  2.240000  1.330000  1.800000
376:  2.360000  1.480000  1.840000
377:  2.360000  1.480000  1.840000
378:  2.360000  1.480000  1.840000
379:  2.360000  1.480000  1.840000
380:  2.360000  1.480000  1.840000
381:  2.360000  1.480000  1.840000
382:  2.360000  1.480000  1.840000
383:  2.360000  1.480000  1.840000
384:  2.360000  1.480000  1.840000
385:  2.360000  1.480000  1.840000
386:  2.360000  1.480000  1.840000
387:  2.360000  1.480000  1.840000
388:  2.360000  1.480000  1.840000
389:  2.360000  1.480000  1.840000
