000: 0.000000 0.000000 0.000000
001: -0.055438 -0.015886 0.000000
002: 0.018479 0.000000 -0.000000
003: 0.000000 0.000000 0.000000
004: 0.000000 0.000000 0.000000
005: -0.000000 -0.015886 -0.000000
006: 0.055438 -0.000000 -0.000000
007: 0.018479 0.000000 -0.000000
008: 0.055438 -0.000000 -0.000000
009: 0.073918 -0.000000 0.000000
010: 0.092397 -0.015886 -0.000000
011: 0.073918 -0.015886 0.000000
012: 0.129356 -0.000000 0.000000
013: 0.073918 -0.015886 0.000000
014: 0.092397 -0.000000 0.000000
015: 0.092397 -0.015886 -0.000000
016: 0.110876 -0.015886 0.000000
017: 0.110876 -0.015886 0.000000
018: 0.129356 -0.015886 -0.000000
019: 0.110876 -0.015886 0.000000
020: 0.129356 -0.015886 -0.000000
021: 0.110876 -0.015886 0.000000
022: 0.110876 -0.015886 0.000000
023: 0.147835 0.000000 0.000000
024: 0.147835 0.000000 0.000000
025: 0.147835 0.000000 0.000000
026: 0.147835 0.000000 0.000000
027: 0.166315 0.000000 0.000000
028: 0.147835 0.000000 0.000000
029: 0.147835 0.000000 0.000000
030: 0.166315 0.015886 0.000000
031: 0.166315 0.015886 0.000000
032: 0.166315 0.015886 0.000000
033: 0.166315 0.015886 0.000000
034: 0.166315 0.031771 0.000000
035: 0.166315 0.031771 0.000000
036: 0.166315 0.031771 0.000000
037: 0.184794 0.031771 0.000000
038: 0.184794 0.047657 0.000000
039: 0.166315 0.047657 0.000000
040: 0.184794 0.047657 0.000000
041: 0.166315 0.063543 0.000000
042: 0.203274 0.063543 0.000000
043: 0.203274 0.063543 0.000000
044: 0.166315 0.063543 0.000000
045: 0.166315 0.079429 0.000000
046: 0.184794 0.063543 0.000000
047: 0.184794 0.079429 0.000000
048: 0.129356 0.079429 0.000000
049: 0.166315 0.079429 0.000000
050: 0.166315 0.095314 0.000000
051: 0.110876 0.095314 0.000000
052: 0.147835 0.095314 0.000000
053: 0.092397 0.095314 0.000000
054: 0.129356 0.095314 0.000000
055: 0.110876 0.111200 0.000000
056: 0.073918 0.111200 0.000000
057: 0.110876 0.111200 0.000000
058: 0.036959 0.111200 0.000000
059: 0.036959 0.111200 0.000000
060: 0.036959 0.127086 0.000000
061: 0.000000 0.127086 0.000000
062: -0.018479 0.127086 0.000000
063: -0.018479 0.142972 0.000000
064: -0.073918 0.127086 0.000000
065: -0.073918 0.142972 0.000000
066: -0.055438 0.142972 0.000000
067: -0.092397 0.158857 0.000000
068: -0.092397 0.174743 0.000000
069: -0.129356 0.158857 0.000000
070: -0.147835 0.174743 0.000000
071: -0.184794 0.174743 0.000000
072: -0.184794 0.174743 0.000000
073: -0.221753 0.174743 0.000000
074: -0.203274 0.190629 0.000000
075: -0.277191 0.190629 0.000000
076: -0.277191 0.190629 0.000000
077: -0.314150 0.190629 0.000000
078: -0.332629 0.206514 0.000000
079: -0.314150 0.206514 0.000000
080: -0.406547 0.206514 0.000000
081: -0.388068 0.206514 0.000000
082: -0.425027 0.222400 0.000000
083: -0.425027 0.222400 0.000000
084: -0.461985 0.222400 0.000000
085: -0.461985 0.238286 0.000000
086: -0.498944 0.238286 0.000000
087: -0.554382 0.238286 0.000000
088: -0.554382 0.238286 0.000000
089: -0.554382 0.254172 0.000000
090: -0.572862 0.254172 0.000000
091: -0.628300 0.254172 0.000000
092: -0.628300 0.254172 0.000000
093: -0.665259 0.254172 0.000000
094: -0.646779 0.270057 0.000000
095: -0.702218 0.270057 0.000000
096: -0.739177 0.270057 0.000000
097: -0.720697 0.285943 0.000000
098: -0.757656 0.285943 0.000000
099: -0.776135 0.285943 0.000000
100: -0.757656 0.301829 0.000000
101: -0.831574 0.301829 0.000000
102: -0.831574 0.317715 0.000000
103: -0.868532 0.317715 0.000000
104: -0.887012 0.317715 0.000000
105: -0.905491 0.317715 0.000000
106: -0.905491 0.333600 0.000000
107: -0.923971 0.333600 0.000000
108: -0.960929 0.333600 0.000000
109: -0.942450 0.349486 0.000000
110: -0.979409 0.349486 0.000000
111: -0.997888 0.365372 0.000000
112: -0.997888 0.365372 0.000000
113: -1.053327 0.365372 0.000000
114: -1.053327 0.365372 0.000000
115: -1.090285 0.365372 0.000000
116: -1.090285 0.381257 0.000000
117: -1.090285 0.381257 0.000000
118: -1.127244 0.397143 0.000000
119: -1.108765 0.397143 0.000000
120: -1.127244 0.397143 0.000000
121: -1.145724 0.413029 0.000000
122: -1.164203 0.413029 0.000000
123: -1.182682 0.413029 0.000000
124: -1.201162 0.428915 0.000000
125: -1.219641 0.428915 0.000000
126: -1.256600 0.428915 0.000000
127: -1.238121 0.444800 0.000000
128: -1.293559 0.444800 0.000000
129: -1.293559 0.444800 0.000000
130: -1.330518 0.444800 0.000000
131: -1.348997 0.444800 0.000000
132: -1.348997 0.460686 0.000000
133: -1.385956 0.460686 0.000000
134: -1.385956 0.460686 0.000000
135: -1.404435 0.476572 0.000000
136: -1.441394 0.476572 0.000000
137: -1.496832 0.476572 0.000000
138: -1.459874 0.492458 0.000000
139: -1.478353 0.492458 0.000000
140: -1.533791 0.492458 0.000000
141: -1.533791 0.508343 0.000000
142: -1.589230 0.508343 0.000000
143: -1.607709 0.508343 0.000000
144: -1.626188 0.508343 0.000000
145: -1.626188 0.524229 0.000000
146: -1.700106 0.524229 0.000000
147: -1.681627 0.540115 0.000000
148: -1.737065 0.524229 0.000000
149: -1.755544 0.540115 0.000000
150: -1.792503 0.540115 0.000000
151: -1.792503 0.540115 0.000000
152: -1.829462 0.540115 0.000000
153: -1.847941 0.556000 0.000000
154: -1.884900 0.556000 0.000000
155: -1.884900 0.571886 0.000000
156: -1.903380 0.571886 0.000000
157: -1.958818 0.571886 0.000000
158: -1.977297 0.571886 0.000000
159: -2.032735 0.571886 0.000000
160: -2.051215 0.587772 0.000000
161: -2.069694 0.587772 0.000000
162: -2.069694 0.603658 0.000000
163: -2.125132 0.603658 0.000000
164: -2.162091 0.603658 0.000000
165: -2.180571 0.603658 0.000000
166: -2.236009 0.603658 0.000000
167: -2.272968 0.619543 0.000000
168: -2.272968 0.619543 0.000000
169: -2.309927 0.619543 0.000000
170: -2.328406 0.635429 0.000000
171: -2.402324 0.635429 0.000000
172: -2.365365 0.651315 0.000000
173: -2.402324 0.651315 0.000000
174: -2.420803 0.651315 0.000000
175: -2.457762 0.651315 0.000001
176: -2.457762 0.667201 0.000001
177: -2.513200 0.667201 0.000001
178: -2.531680 0.667201 0.000001
179: -2.568638 0.667201 0.000001
180: -2.587118 0.683086 0.000001
181: -2.605597 0.683086 0.000001
182: -2.661035 0.683086 0.000001
183: -2.661035 0.683086 0.000001
184: -2.697994 0.683086 0.000001
185: -2.716474 0.698972 0.000001
186: -2.734953 0.698972 0.000001
187: -2.771912 0.698972 0.000001
188: -2.808871 0.698972 0.000001
189: -2.808871 0.714858 0.000001
190: -2.827350 0.714858 0.000001
191: -2.864309 0.714858 0.000001
192: -2.882788 0.714858 0.000001
193: -2.919747 0.714858 0.000001
194: -2.919747 0.714858 0.000001
195: -2.975185 0.714858 0.000001
196: -2.993665 0.730744 0.000001
197: -2.993665 0.730744 0.000001
198: -2.993665 0.730744 0.000001
199: -3.030624 0.730744 0.000001
200: -3.067583 0.730744 0.000001
201: -3.086062 0.730744 0.000001
202: -3.123021 0.730744 0.000001
203: -3.123021 0.730744 0.000001
204: -3.141500 0.730744 0.000001
205: -3.178459 0.746629 0.000001
206: -3.196938 0.746629 0.000001
207: -3.196938 0.746629 0.000001
208: -3.270856 0.746629 0.000001
209: -3.233897 0.746629 0.000001
210: -3.289336 0.746629 0.000001
211: -3.289336 0.746629 0.000001
212: -3.344774 0.746629 0.000001
213: -3.344774 0.746629 0.000001
214: -3.381733 0.746629 0.000001
215: -3.400212 0.746629 0.000001
216: -3.437171 0.746629 0.000001
217: -3.437171 0.746629 0.000001
218: -3.437171 0.762515 0.000001
219: -3.455650 0.746629 0.000001
220: -3.474130 0.762515 0.000001
221: -3.455650 0.762515 0.000001
222: -3.511088 0.762515 0.000001
223: -3.492609 0.762515 0.000001
224: -3.548047 0.762515 0.000001
225: -3.566527 0.746629 0.000001
226: -3.566527 0.762515 0.000001
227: -3.621965 0.746629 0.000001
228: -3.658924 0.746629 0.000001
229: -3.695883 0.746629 0.000001
230: -3.769800 0.746629 0.000001
231: -3.769800 0.746629 0.000001
232: -3.825238 0.746629 0.000001
233: -3.862197 0.730744 0.000001
234: -3.880677 0.730744 0.000001
235: -3.880677 0.730744 0.000001
236: -3.954594 0.730744 0.000001
237: -3.973074 0.730744 0.000001
238: -4.010033 0.730744 0.000001
239: -4.010033 0.730744 0.000001
240: -4.083950 0.714858 0.000001
241: -4.120909 0.714858 0.000001
242: -4.157868 0.714858 0.000001
243: -4.194827 0.714858 0.000001
244: -4.287224 0.698972 0.000001
245: -4.342662 0.698972 0.000002
246: -4.379621 0.698972 0.000002
247: -4.398100 0.683086 0.000002
248: -4.453539 0.683086 0.000002
249: -4.472018 0.683086 0.000002
250: -4.527456 0.683086 0.000002
251: -4.545936 0.683086 0.000002
252: -4.545936 0.683086 0.000002
253: -4.545936 0.683086 0.000002
254: -4.601374 0.683087 0.000002
255: -4.582894 0.683086 0.000002
256: -4.619853 0.683087 0.000002
257: -4.619853 0.683087 0.000002
258: -4.638333 0.683087 0.000002
259: -4.638333 0.683087 0.000002
260: -4.693771 0.667201 0.000002
261: -4.656812 0.683087 0.000002
262: -4.675291 0.683087 0.000002
263: -4.712250 0.683087 0.000002
264: -4.712250 0.683087 0.000002
265: -4.712250 0.683087 0.000002
266: -4.749209 0.683087 0.000002
267: -4.767689 0.683087 0.000002
268: -4.749209 0.683087 0.000002
269: -4.786168 0.683087 0.000002
270: -4.786168 0.683087 0.000002
271: -4.804647 0.683087 0.000002
272: -4.823127 0.683087 0.000002
273: -4.823127 0.683087 0.000002
274: -4.841606 0.683087 0.000002
275: -4.860086 0.683087 0.000002
276: -4.878565 0.683087 0.000002
277: -4.878565 0.683087 0.000002
278: -4.897044 0.683087 0.000002
279: -4.897044 0.683087 0.000002
280: -4.915524 0.683087 0.000002
281: -4.934003 0.683087 0.000002
282: -4.934003 0.683087 0.000002
283: -4.989442 0.683087 0.000002
284: -4.970962 0.698972 0.000002
285: -5.007921 0.683087 0.000002
286: -5.007921 0.698972 0.000002
287: -5.007921 0.698972 0.000002
288: -5.044880 0.698972 0.000002
289: -5.063359 0.698972 0.000002
290: -5.063359 0.698972 0.000002
291: -5.081839 0.698972 0.000002
292: -5.081839 0.698972 0.000002
293: -5.118797 0.698972 0.000002
294: -5.118797 0.698972 0.000002
295: -5.155756 0.698972 0.000002
296: -5.137277 0.698972 0.000002
297: -5.174236 0.714858 0.000002
298: -5.174236 0.698972 0.000002
299: -5.192715 0.714858 0.000002
300: -5.211194 0.698972 0.000002
301: -5.211194 0.698972 0.000002
302: -5.229674 0.698972 0.000002
303: -5.229674 0.698972 0.000002
304: -5.266633 0.698972 0.000002
305: -5.285112 0.698972 0.000002
306: -5.266633 0.698972 0.000002
307: -5.303592 0.698972 0.000002
308: -5.322071 0.698972 0.000002
309: -5.303592 0.698972 0.000002
310: -5.340550 0.698972 0.000002
311: -5.322071 0.698972 0.000002
312: -5.377509 0.698972 0.000002
313: -5.377509 0.698972 0.000002
314: -5.377509 0.698972 0.000002
315: -5.432947 0.683087 0.000002
316: -5.432947 0.698972 0.000002
317: -5.432947 0.698972 0.000002
318: -5.469906 0.683087 0.000002
319: -5.469906 0.683087 0.000002
320: -5.506865 0.683087 0.000002
321: -5.488386 0.683087 0.000002
322: -5.488386 0.683087 0.000002
323: -5.525344 0.683087 0.000002
324: -5.506865 0.683087 0.000002
325: -5.543824 0.683087 0.000002
326: -5.525344 0.683087 0.000002
327: -5.580783 0.683087 0.000002
328: -5.562303 0.683087 0.000002
329: -5.562303 0.683087 0.000002
330: -5.580783 0.683087 0.000002
331: -5.580783 0.683087 0.000002
332: -5.562303 0.683087 0.000002
333: -5.599262 0.667201 0.000003
334: -5.599262 0.683087 0.000003
335: -5.617742 0.667201 0.000003
336: -5.617742 0.683087 0.000003
337: -5.617742 0.683087 0.000003
338: -5.636221 0.667201 0.000003
339: -5.636221 0.667201 0.000003
340: -5.636221 0.683087 0.000003
341: -5.636221 0.683087 0.000003
342: -5.654700 0.667201 0.000003
343: -5.654700 0.683087 0.000003
344: -5.654700 0.683087 0.000003
345: -5.654700 0.683087 0.000003
346: -5.673180 0.683087 0.000003
347: -5.710139 0.667201 0.000003
348: -5.691659 0.683087 0.000003
349: -5.691659 0.667201 0.000003
350: -5.710139 0.683087 0.000003
351: -5.710139 0.667201 0.000003
352: -5.728618 0.683087 0.000003
353: -5.728618 0.683087 0.000003
354: -5.728618 0.683087 0.000003
355: -5.747097 0.667201 0.000003
356: -5.747097 0.683087 0.000003
357: -5.747097 0.683087 0.000003
358: -5.747097 0.683087 0.000003
359: -5.747097 0.683087 0.000003
360: -5.784056 0.683087 0.000003
361: -5.765577 0.683087 0.000003
362: -5.784056 0.683087 0.000003
363: -5.802536 0.683087 0.000003
364: -5.784056 0.683087 0.000003
365: -5.839495 0.683087 0.000003
366: -5.821015 0.683087 0.000003
367: -5.839495 0.683087 0.000003
368: -5.839495 0.683087 0.000003
369: -5.839495 0.683087 0.000003
370: -5.876453 0.683087 0.000003
371: -5.894933 0.683087 0.000003
372: -5.913412 0.683087 0.000003
373: -5.931892 0.683087 0.000003
374: -5.968850 0.683087 0.000003
375: -5.987330 0.683087 0.000003
376: -6.005809 0.683087 0.000003
377: -6.005809 0.698972 0.000003
378: -6.024289 0.683087 0.000003
379: -6.005809 0.698972 0.000003
380: -6.042768 0.683087 0.000003
381: -6.042768 0.698972 0.000003
382: -6.042768 0.698972 0.000003
383: -6.061247 0.698972 0.000003
384: -6.079727 0.698972 0.000003
385: -6.061247 0.698972 0.000003
386: -6.098206 0.698972 0.000003
387: -6.079727 0.698972 0.000003
388: -6.098206 0.698972 0.000003
389: -6.116686 0.698972 0.000003
