000:  31.189467  120.930965  8.600000
001:  31.189466  120.930965  8.600000
002:  31.189467  120.930965  8.600000
003:  31.189467  120.930965  8.600000
004:  31.189467  120.930965  8.600000
005:  31.189467  120.930965  8.600000
006:  31.189467  120.930965  8.600000
007:  31.189467  120.930965  8.600000
008:  31.189467  120.930965  8.600000
009:  31.189467  120.930965  8.600000
010:  31.189467  120.930965  8.600000
011:  31.189467  120.930965  8.600000
012:  31.189468  120.930965  8.600000
013:  31.189467  120.930965  8.600000
014:  31.189467  120.930965  8.600000
015:  31.189467  120.930965  8.600000
016:  31.189468  120.930965  8.600000
017:  31.189468  120.930965  8.600000
018:  31.189468  120.930965  8.600000
019:  31.189468  120.930965  8.600000
020:  31.189468  120.930965  8.600000
021:  31.189468  120.930965  8.600000
022:  31.189468  120.930965  8.600000
023:  31.189468  120.930965  8.600000
024:  31.189468  120.930965  8.600000
025:  31.189468  120.930965  8.600000
026:  31.189468  120.930965  8.600000
027:  31.189468  120.930965  8.600000
028:  31.189468  120.930965  8.600000
029:  31.189468  120.930965  8.600000
030:  31.189468  120.930965  8.600000
031:  31.189468  120.930965  8.600000
032:  31.189468  120.930965  8.600000
033:  31.189468  120.930965  8.600000
034:  31.189468  120.930965  8.600000
035:  31.189468  120.930965  8.600000
036:  31.189468  120.930965  8.600000
037:  31.189468  120.930965  8.600000
038:  31.189468  120.930965  8.600000
039:  31.189468  120.930965  8.600000
040:  31.189468  120.930965  8.600000
041:  31.189468  120.930965  8.600000
042:  31.189468  120.930965  8.600000
043:  31.189468  120.930965  8.600000
044:  31.189468  120.930965  8.600000
045:  31.189468  120.930965  8.600000
046:  31.189468  120.930965  8.600000
047:  31.189468  120.930965  8.600000
048:  31.189468  120.930965  8.600000
049:  31.189468  120.930965  8.600000
050:  31.189468  120.930966  8.600000
051:  31.189468  120.930966  8.600000
052:  31.189468  120.930966  8.600000
053:  31.189467  120.930966  8.600000
054:  31.189468  120.930966  8.600000
055:  31.189468  120.930966  8.600000
056:  31.189467  120.930966  8.600000
057:  31.189468  120.930966  8.600000
058:  31.189467  120.930966  8.600000
059:  31.189467  120.930966  8.600000
060:  31.189467  120.930966  8.600000
061:  31.189467  120.930966  8.600000
062:  31.189467  120.930966  8.600000
063:  31.189467  120.930966  8.600000
064:  31.189466  120.930966  8.600000
065:  31.189466  120.930966  8.600000
066:  31.189466  120.930966  8.600000
067:  31.189466  120.930966  8.600000
068:  31.189466  120.930967  8.600000
069:  31.189465  120.930966  8.600000
070:  31.189465  120.930967  8.600000
071:  31.189465  120.930967  8.600000
072:  31.189465  120.930967  8.600000
073:  31.189465  120.930967  8.600000
074:  31.189465  120.930967  8.600000
075:  31.189464  120.930967  8.600000
076:  31.189464  120.930967  8.600000
077:  31.189464  120.930967  8.600000
078:  31.189464  120.930967  8.600000
079:  31.189464  120.930967  8.600000
080:  31.189463  120.930967  8.600000
081:  31.189463  120.930967  8.600000
082:  31.189463  120.930967  8.600000
083:  31.189463  120.930967  8.600000
084:  31.189462  120.930967  8.600000
085:  31.189462  120.930967  8.600000
086:  31.189462  120.930967  8.600000
087:  31.189462  120.930967  8.600000
088:  31.189462  120.930967  8.600000
089:  31.189462  120.930967  8.600000
090:  31.189462  120.930967  8.600000
091:  31.189461  120.930967  8.600000
092:  31.189461  120.930967  8.600000
093:  31.189461  120.930967  8.600000
094:  31.189461  120.930968  8.600000
095:  31.189460  120.930968  8.600000
096:  31.189460  120.930968  8.600000
097:  31.189460  120.930968  8.600000
098:  31.189460  120.930968  8.600000
099:  31.189460  120.930968  8.600000
100:  31.189460  120.930968  8.600000
101:  31.189459  120.930968  8.600000
102:  31.189459  120.930968  8.600000
103:  31.189459  120.930968  8.600000
104:  31.189459  120.930968  8.600000
105:  31.189459  120.930968  8.600000
106:  31.189459  120.930968  8.600000
107:  31.189458  120.930968  8.600000
108:  31.189458  120.930968  8.600000
109:  31.189458  120.930968  8.600000
110:  31.189458  120.930968  8.600000
111:  31.189458  120.930968  8.600000
112:  31.189458  120.930968  8.600000
113:  31.189457  120.930968  8.600000
114:  31.189457  120.930968  8.600000
115:  31.189457  120.930968  8.600000
116:  31.189457  120.930969  8.600000
117:  31.189457  120.930969  8.600000
118:  31.189456  120.930969  8.600000
119:  31.189457  120.930969  8.600000
120:  31.189456  120.930969  8.600000
121:  31.189456  120.930969  8.600000
122:  31.189456  120.930969  8.600000
123:  31.189456  120.930969  8.600000
124:  31.189456  120.930969  8.600000
125:  31.189456  120.930969  8.600000
126:  31.189455  120.930969  8.600000
127:  31.189456  120.930969  8.600000
128:  31.189455  120.930969  8.600000
129:  31.189455  120.930969  8.600000
130:  31.189455  120.930969  8.600000
131:  31.189455  120.930969  8.600000
132:  31.189455  120.930969  8.600000
133:  31.189454  120.930969  8.600000
134:  31.189454  120.930969  8.600000
135:  31.189454  120.930970  8.600000
136:  31.189454  120.930970  8.600000
137:  31.189453  120.930970  8.600000
138:  31.189453  120.930970  8.600000
139:  31.189453  120.930970  8.600000
140:  31.189453  120.930970  8.600000
141:  31.189453  120.930970  8.600000
142:  31.189452  120.930970  8.600000
143:  31.189452  120.930970  8.600000
144:  31.189452  120.930970  8.600000
145:  31.189452  120.930970  8.600000
146:  31.189451  120.930970  8.600000
147:  31.189452  120.930970  8.600000
148:  31.189451  120.930970  8.600000
149:  31.189451  120.930970  8.600000
150:  31.189450  120.930970  8.600000
151:  31.189450  120.930970  8.600000
152:  31.189450  120.930970  8.600000
153:  31.189450  120.930971  8.600000
154:  31.189450  120.930971  8.600000
155:  31.189450  120.930971  8.600000
156:  31.189450  120.930971  8.600000
157:  31.189449  120.930971  8.600000
158:  31.189449  120.930971  8.600000
159:  31.189448  120.930971  8.600000
160:  31.189448  120.930971  8.600000
161:  31.189448  120.930971  8.600000
162:  31.189448  120.930971  8.600000
163:  31.189447  120.930971  8.600000
164:  31.189447  120.930971  8.600000
165:  31.189447  120.930971  8.600000
166:  31.189446  120.930971  8.600000
167:  31.189446  120.930971  8.600000
168:  31.189446  120.930971  8.600000
169:  31.189446  120.930971  8.600000
170:  31.189446  120.930971  8.600000
171:  31.189445  120.930971  8.600000
172:  31.189445  120.930971  8.600000
173:  31.189445  120.930971  8.600000
174:  31.189445  120.930971  8.600000
175:  31.189444  120.930971  8.600000
176:  31.189444  120.930972  8.600000
177:  31.189444  120.930972  8.600000
178:  31.189444  120.930972  8.600000
179:  31.189443  120.930972  8.600000
180:  31.189443  120.930972  8.600000
181:  31.189443  120.930972  8.600000
182:  31.189443  120.930972  8.600000
183:  31.189443  120.930972  8.600000
184:  31.189442  120.930972  8.600000
185:  31.189442  120.930972  8.600000
186:  31.189442  120.930972  8.600000
187:  31.189442  120.930972  8.600000
188:  31.189441  120.930972  8.600000
189:  31.189441  120.930972  8.600000
190:  31.189441  120.930972  8.600000
191:  31.189441  120.930972  8.600000
192:  31.189441  120.930972  8.600000
193:  31.189440  120.930972  8.600000
194:  31.189440  120.930972  8.600000
195:  31.189440  120.930972  8.600000
196:  31.189440  120.930972  8.600000
197:  31.189440  120.930972  8.600000
198:  31.189440  120.930972  8.600000
199:  31.189439  120.930972  8.600000
200:  31.189439  120.930972  8.600000
201:  31.189439  120.930972  8.600000
202:  31.189438  120.930972  8.600000
203:  31.189438  120.930972  8.600000
204:  31.189438  120.930972  8.600000
205:  31.189438  120.930973  8.600000
206:  31.189438  120.930973  8.600000
207:  31.189438  120.930973  8.600000
208:  31.189437  120.930973  8.600000
209:  31.189438  120.930973  8.600000
210:  31.189437  120.930973  8.600000
211:  31.189437  120.930973  8.600000
212:  31.189437  120.930973  8.600000
213:  31.189437  120.930973  8.600000
214:  31.189436  120.930973  8.600000
215:  31.189436  120.930973  8.600000
216:  31.189436  120.930973  8.600000
217:  31.189436  120.930973  8.600000
218:  31.189436  120.930973  8.600000
219:  31.189435  120.930973  8.600000
220:  31.189435  120.930973  8.600000
221:  31.189435  120.930973  8.600000
222:  31.189435  120.930973  8.600000
223:  31.189435  120.930973  8.600000
224:  31.189435  120.930973  8.600000
225:  31.189435  120.930973  8.600000
226:  31.189435  120.930973  8.600000
227:  31.189434  120.930973  8.600000
228:  31.189434  120.930973  8.600000
229:  31.189433  120.930973  8.600000
230:  31.189433  120.930973  8.600000
231:  31.189433  120.930973  8.600000
232:  31.189432  120.930973  8.600000
233:  31.189432  120.930972  8.600000
234:  31.189432  120.930972  8.600000
235:  31.189432  120.930972  8.600000
236:  31.189431  120.930972  8.600000
237:  31.189431  120.930972  8.600000
238:  31.189431  120.930972  8.600000
239:  31.189431  120.930972  8.600000
240:  31.189430  120.930972  8.600000
241:  31.189429  120.930972  8.600000
242:  31.189429  120.930972  8.600000
243:  31.189429  120.930972  8.600000
244:  31.189428  120.930972  8.600000
245:  31.189428  120.930972  8.600000
246:  31.189427  120.930972  8.600000
247:  31.189427  120.930972  8.600000
248:  31.189426  120.930972  8.600000
249:  31.189426  120.930972  8.600000
250:  31.189426  120.930972  8.600000
251:  31.189426  120.930972  8.600000
252:  31.189426  120.930972  8.600000
253:  31.189426  120.930972  8.600000
254:  31.189425  120.930972  8.600000
255:  31.189425  120.930972  8.600000
256:  31.189425  120.930972  8.600000
257:  31.189425  120.930972  8.600000
258:  31.189425  120.930972  8.600000
259:  31.189425  120.930972  8.600000
260:  31.189424  120.930972  8.600000
261:  31.189425  120.930972  8.600000
262:  31.189425  120.930972  8.600000
263:  31.189424  120.930972  8.600000
264:  31.189424  120.930972  8.600000
265:  31.189424  120.930972  8.600000
266:  31.189424  120.930972  8.600000
267:  31.189424  120.930972  8.600000
268:  31.189424  120.930972  8.600000
269:  31.189423  120.930972  8.600000
270:  31.189423  120.930972  8.600000
271:  31.189423  120.930972  8.600000
272:  31.189423  120.930972  8.600000
273:  31.189423  120.930972  8.600000
274:  31.189423  120.930972  8.600000
275:  31.189423  120.930972  8.600000
276:  31.189423  120.930972  8.600000
277:  31.189423  120.930972  8.600000
278:  31.189422  120.930972  8.600000
279:  31.189422  120.930972  8.600000
280:  31.189422  120.930972  8.600000
281:  31.189422  120.930972  8.600000
282:  31.189422  120.930972  8.600000
283:  31.189422  120.930972  8.600000
284:  31.189422  120.930972  8.600000
285:  31.189422  120.930972  8.600000
286:  31.189422  120.930972  8.600000
287:  31.189422  120.930972  8.600000
288:  31.189421  120.930972  8.600000
289:  31.189421  120.930972  8.600000
290:  31.189421  120.930972  8.600000
291:  31.189421  120.930972  8.600000
292:  31.189421  120.930972  8.600000
293:  31.189420  120.930972  8.600000
294:  31.189420  120.930972  8.600000
295:  31.189420  120.930972  8.600000
296:  31.189420  120.930972  8.600000
297:  31.189420  120.930972  8.600000
298:  31.189420  120.930972  8.600000
299:  31.189420  120.930972  8.600000
300:  31.189420  120.930972  8.600000
301:  31.189420  120.930972  8.600000
302:  31.189419  120.930972  8.600000
303:  31.189419  120.930972  8.600000
304:  31.189419  120.930972  8.600000
305:  31.189419  120.930972  8.600000
306:  31.189419  120.930972  8.600000
307:  31.189419  120.930972  8.600000
308:  31.189419  120.930972  8.600000
309:  31.189419  120.930972  8.600000
310:  31.189419  120.930972  8.600000
311:  31.189419  120.930972  8.600000
312:  31.189418  120.930972  8.600000
313:  31.189418  120.930972  8.600000
314:  31.189418  120.930972  8.600000
315:  31.189418  120.930972  8.600000
316:  31.189418  120.930972  8.600000
317:  31.189418  120.930972  8.600000
318:  31.189417  120.930972  8.600000
319:  31.189417  120.930972  8.600000
320:  31.189417  120.930972  8.600000
321:  31.189417  120.930972  8.600000
322:  31.189417  120.930972  8.600000
323:  31.189417  120.930972  8.600000
324:  31.189417  120.930972  8.600000
325:  31.189417  120.930972  8.600000
326:  31.189417  120.930972  8.600000
327:  31.189416  120.930972  8.600000
328:  31.189417  120.930972  8.600000
329:  31.189417  120.930972  8.600000
330:  31.189416  120.930972  8.600000
331:  31.189416  120.930972  8.600000
332:  31.189417  120.930972  8.600000
333:  31.189416  120.930972  8.600000
334:  31.189416  120.930972  8.600000
335:  31.189416  120.930972  8.600000
336:  31.189416  120.930972  8.600000
337:  31.189416  120.930972  8.600000
338:  31.189416  120.930972  8.600000
339:  31.189416  120.930972  8.600000
340:  31.189416  120.930972  8.600000
341:  31.189416  120.930972  8.600000
342:  31.189416  120.930972  8.600000
343:  31.189416  120.930972  8.600000
344:  31.189416  120.930972  8.600000
345:  31.189416  120.930972  8.600000
346:  31.189416  120.930972  8.600000
347:  31.189415  120.930972  8.600000
348:  31.189415  120.930972  8.600000
349:  31.189415  120.930972  8.600000
350:  31.189415  120.930972  8.600000
351:  31.189415  120.930972  8.600000
352:  31.189415  120.930972  8.600000
353:  31.189415  120.930972  8.600000
354:  31.189415  120.930972  8.600000
355:  31.189415  120.930972  8.600000
356:  31.189415  120.930972  8.600000
357:  31.189415  120.930972  8.600000
358:  31.189415  120.930972  8.600000
359:  31.189415  120.930972  8.600000
360:  31.189414  120.930972  8.600000
361:  31.189415  120.930972  8.600000
362:  31.189414  120.930972  8.600000
363:  31.189414  120.930972  8.600000
364:  31.189414  120.930972  8.600000
365:  31.189414  120.930972  8.600000
366:  31.189414  120.930972  8.600000
367:  31.189414  120.930972  8.600000
368:  31.189414  120.930972  8.600000
369:  31.189414  120.930972  8.600000
370:  31.189414  120.930972  8.600000
371:  31.189414  120.930972  8.600000
372:  31.189413  120.930972  8.600000
373:  31.189413  120.930972  8.600000
374:  31.189413  120.930972  8.600000
375:  31.189413  120.930972  8.600000
376:  31.189413  120.930972  8.600000
377:  31.189413  120.930972  8.600000
378:  31.189412  120.930972  8.600000
379:  31.189413  120.930972  8.600000
380:  31.189412  120.930972  8.600000
381:  31.189412  120.930972  8.600000
382:  31.189412  120.930972  8.600000
383:  31.189412  120.930972  8.600000
384:  31.189412  120.930972  8.600000
385:  31.189412  120.930972  8.600000
386:  31.189412  120.930972  8.600000
387:  31.189412  120.930972  8.600000
388:  31.189412  120.930972  8.600000
389:  31.189411  120.930972  8.600000
